Fitting method: Bayesian, MCMC
Solver: Symbolic

[Fixed Variables]

[Fit Variables]
             mean         sd      hdi_3%     hdi_97%      median        mode
R1a        5.1727     0.3420      4.5484      5.7702      5.2107      5.2914
R1b        4.9418     1.6071      1.8675      7.9936      4.9382      4.9055
R2a      378.7821    15.0240    352.5534    399.9804    381.0624    399.9053
R2b    24832.8896  4449.5031  16397.4727  33239.6835  24774.7337  24200.3294
dwa       -1.8901     0.3497     -2.5523     -1.2323     -1.8841     -1.8403
dwb     -246.5155     4.5251   -255.0874   -237.7687   -246.5663   -246.4261
fb         0.0142     0.0032      0.0091      0.0202      0.0136      0.0128
kb       108.6949    25.7751     64.4540    160.3472    107.0162    106.9461
sigma      0.0265     0.0013      0.0241      0.0291      0.0265      0.0264
[Fit Diagnostics]
       mcse_mean  mcse_sd   ess_bulk   ess_tail   r_hat
R1a       0.0075   0.0053  2049.5299  2657.2732  1.0029
R1b       0.0265   0.0189  3641.6659  2270.8480  1.0021
R2a       0.3407   0.2420  1722.6192  1619.5481  1.0027
R2b      90.8965  64.2814  2375.6230  1636.7929  1.0002
dwa       0.0060   0.0043  3450.8620  2169.5184  1.0008
dwb       0.0815   0.0576  3104.2330  1997.1462  1.0008
fb        0.0001   0.0001  1893.7992  1462.4550  1.0008
kb        0.5657   0.4001  1899.9912  1473.6501  1.0006
sigma     0.0000   0.0000  3172.1090  2553.4228  1.0019