Fitting method: Bayesian, MCMC
Solver: Symbolic

[Fixed Variables]

[Fit Variables]
             mean         sd      hdi_3%     hdi_97%      median        mode
R1a        9.0539     0.5844      8.0581      9.9970      9.1170      9.2647
R1b        5.0506     1.6233      1.9231      7.9670      5.0623      5.1602
R2a      323.4954    18.0988    290.9100    354.8702    325.2241    327.1828
R2b    43809.3239  2614.1101  39354.6736  48931.3750  43832.5320  43406.7778
dwa       -1.8946     0.2439     -2.3412     -1.4430     -1.8938     -1.8845
dwb     -253.9129     2.1808   -258.2646   -250.0341   -253.8797   -253.7683
fb         0.0120     0.0008      0.0105      0.0137      0.0119      0.0118
kb       367.4773    31.4108    309.4902    425.6083    367.1077    369.8885
sigma      0.0209     0.0010      0.0190      0.0229      0.0209      0.0208
[Fit Diagnostics]
       mcse_mean  mcse_sd   ess_bulk   ess_tail   r_hat
R1a       0.0180   0.0127  1077.4122  1097.0898  1.0045
R1b       0.0262   0.0186  3788.1713  1652.3611  1.0029
R2a       0.5390   0.3812  1151.3604  1098.5975  1.0031
R2b      52.9217  38.5922  2359.9696  1244.0359  0.9999
dwa       0.0045   0.0032  2976.8367  2250.7484  1.0016
dwb       0.0351   0.0248  3842.5253  2680.3148  1.0001
fb        0.0000   0.0000  1305.4036  1062.7839  1.0034
kb        0.7077   0.5035  1985.5949  2449.4192  1.0023
sigma     0.0000   0.0000  3470.5861  2739.5281  1.0008