Fitting method: Bayesian, MCMC
Solver: Symbolic

[Fixed Variables]

[Fit Variables]
             mean         sd      hdi_3%     hdi_97%      median        mode
R1a        1.1039     0.0774      1.0001      1.2440      1.0879      1.0006
R1b        4.8807     1.5789      1.9026      7.8225      4.8733      4.8779
R2a      397.4619     2.4162    392.9597    399.9995    398.2011    399.9817
R2b    27824.8778  6032.5218  16687.0574  38676.6730  27715.1253  27294.8818
dwa       -1.1851     0.4946     -2.0574     -0.2220     -1.1850     -1.1010
dwb     -223.5017    10.7397   -242.8139   -203.2968   -223.3679   -224.6578
fb         0.0125     0.0052      0.0044      0.0221      0.0115      0.0096
kb        52.3696    25.9183     16.6111     99.2676     46.6572     35.1927
sigma      0.0341     0.0017      0.0312      0.0374      0.0341      0.0342
[Fit Diagnostics]
       mcse_mean  mcse_sd   ess_bulk   ess_tail   r_hat
R1a       0.0014   0.0010  2075.7941  1157.1382  1.0008
R1b       0.0255   0.0184  3806.8574  2260.5979  0.9996
R2a       0.0393   0.0278  2363.8958  1099.0912  1.0013
R2b     114.1752  80.7425  2776.5874  2113.5136  1.0020
dwa       0.0084   0.0062  3486.0516  2363.6934  1.0001
dwb       0.1991   0.1408  2687.7165  1743.3287  1.0019
fb        0.0001   0.0001  1921.5328  1833.0775  1.0005
kb        0.5595   0.3957  1972.2989  2043.7626  1.0008
sigma     0.0000   0.0000  3213.5980  2909.9087  1.0008