[Fixed Variables]
R1a	8.0
R1b	1.0

[Fit Variables]
             mean         sd      hdi_3%     hdi_97%      median        mode
R2a      238.6088     4.3278    230.5370    246.7499    238.5784    238.5180
R2b    30055.0068  3651.6477  23626.4745  37187.7334  29957.9768  29616.3242
dwa       -2.7308     0.1948     -3.0868     -2.3553     -2.7360     -2.7645
dwb     -254.3924     3.9529   -261.6910   -246.7643   -254.4280   -254.4245
fb         0.0121     0.0015      0.0094      0.0148      0.0120      0.0116
kb       164.9013    24.8761    120.3333    211.3521    163.2975    160.2773
sigma      0.0249     0.0011      0.0227      0.0268      0.0249      0.0250
[Fit Diagnostics]
       mcse_mean  mcse_sd   ess_bulk   ess_tail   r_hat
R2a       0.0663   0.0469  4242.7473  2827.7344  1.0009
R2b      62.6512  44.3049  3387.9602  2732.3675  1.0010
dwa       0.0030   0.0021  4274.8167  2801.2858  1.0022
dwb       0.0677   0.0479  3439.3902  2462.2199  1.0000
fb        0.0000   0.0000  2195.3049  2269.9297  1.0004
kb        0.5170   0.3656  2280.4487  2499.8196  1.0000
sigma     0.0000   0.0000  3962.8377  3088.7510  1.0023