Fitting method: Bayesian, MCMC
Solver: Symbolic

[Fixed Variables]

[Fit Variables]
          mean      sd   hdi_3%  hdi_97%   median     mode
R1a     0.2864  0.0413   0.2071   0.3650   0.2855   0.2779
R1b     4.1011  1.4270   1.4024   6.7717   4.0893   4.3336
R2a     0.6354  0.0811   0.4720   0.7803   0.6321   0.6183
R2b    79.9103  9.7748  63.1542  98.5156  80.0169  77.6547
dwa    -0.0060  0.0035  -0.0125   0.0004  -0.0060  -0.0060
dwb     3.5043  0.0100   3.4854   3.5226   3.5042   3.5020
fb      0.0067  0.0011   0.0048   0.0087   0.0066   0.0065
kb     27.8846  5.1554  18.6995  37.6538  27.6800  27.6809
sigma   0.0193  0.0010   0.0173   0.0211   0.0192   0.0193
[Fit Diagnostics]
       mcse_mean  mcse_sd   ess_bulk   ess_tail   r_hat
R1a       0.0009   0.0007  1976.2665  2081.1935  1.0019
R1b       0.0240   0.0169  3455.6329  2099.1189  1.0020
R2a       0.0018   0.0013  1989.1830  1911.5832  1.0017
R2b       0.2232   0.1609  1809.2572  1440.5449  1.0024
dwa       0.0001   0.0000  4333.4029  2370.0572  1.0020
dwb       0.0002   0.0001  3729.8286  2859.7964  1.0000
fb        0.0000   0.0000  1847.5160  1184.2824  1.0010
kb        0.1169   0.0827  1904.7763  1742.6449  1.0005
sigma     0.0000   0.0000  3419.6578  2651.5252  1.0001