[Fixed Variables]
R1a	8.0
R1b	1.0

[Fit Variables]
             mean         sd      hdi_3%     hdi_97%      median        mode
R2a      290.2089     4.5753    281.5733    298.8373    290.2381    290.3667
R2b    44278.6357  2949.3420  38714.5592  49634.4138  44258.5300  44435.0665
dwa       -2.8308     0.2396     -3.2913     -2.3938     -2.8340     -2.8607
dwb     -254.7934     2.3179   -258.8896   -250.0626   -254.7798   -254.6459
fb         0.0110     0.0007      0.0097      0.0122      0.0110      0.0109
kb       364.2760    31.0249    307.4756    423.5186    363.3875    364.8595
sigma      0.0211     0.0011      0.0191      0.0232      0.0211      0.0209
[Fit Diagnostics]
       mcse_mean  mcse_sd   ess_bulk   ess_tail   r_hat
R2a       0.0780   0.0552  3436.1140  3178.0495  1.0003
R2b      55.3131  39.1163  2841.4581  2774.8978  1.0006
dwa       0.0040   0.0028  3574.2340  2897.7996  1.0000
dwb       0.0418   0.0296  3088.8517  2577.5563  1.0002
fb        0.0000   0.0000  1876.2208  2227.3170  1.0035
kb        0.7173   0.5073  1860.3754  2285.2375  1.0040
sigma     0.0000   0.0000  3265.4708  2898.8903  1.0000